 A = [1 2 3; 4 5 6; 7 8 9]

A =

     1     2     3
     4     5     6
     7     8     9

B = [10 20 30; 40 50 60; 70 80 90]

B =

    10    20    30
    40    50    60
    70    80    90

C = A.*B

C =

    10    40    90
   160   250   360
   490   640   810

A.^2

ans =

     1     4     9
    16    25    36
    49    64    81

A = [1 2 3; 4 5 6; 7 8 0];

 b = [1; 1; 1];
 x = inv(A)*b

x =

   -1.0000
    1.0000
   -0.0000

A = [1 2 3; 4 5 6; 7 8 0];
inv(A)

ans =

   -1.7778    0.8889   -0.1111
    1.5556   -0.7778    0.2222
   -0.1111    0.2222   -0.1111

 det(A)

ans =

   27.0000

diary off
run_ann_withoutGA
Accuracy is 0.33333

ans =

    0.3333

diary off
