 A = [1 2 3; 4 5 6; 7 8 9]

A =

     1     2     3
     4     5     6
     7     8     9

A(2,1)

ans =

     4

A(3,3) = 0

A =

     1     2     3
     4     5     6
     7     8     0

 x = 0:0.1:5;

y = linspace(a,b)
{Unrecognized function or variable 'a'.
} 
y = linspace(A,b)
{Unrecognized function or variable 'b'.
} 
theta = linspace(0,2*pi,101)

theta =

  Columns 1 through 14

         0    0.0628    0.1257    0.1885    0.2513    0.3142    0.3770    0.4398    0.5027    0.5655    0.6283    0.6912    0.7540    0.8168

  Columns 15 through 28

    0.8796    0.9425    1.0053    1.0681    1.1310    1.1938    1.2566    1.3195    1.3823    1.4451    1.5080    1.5708    1.6336    1.6965

  Columns 29 through 42

    1.7593    1.8221    1.8850    1.9478    2.0106    2.0735    2.1363    2.1991    2.2619    2.3248    2.3876    2.4504    2.5133    2.5761

  Columns 43 through 56

    2.6389    2.7018    2.7646    2.8274    2.8903    2.9531    3.0159    3.0788    3.1416    3.2044    3.2673    3.3301    3.3929    3.4558

  Columns 57 through 70

    3.5186    3.5814    3.6442    3.7071    3.7699    3.8327    3.8956    3.9584    4.0212    4.0841    4.1469    4.2097    4.2726    4.3354

  Columns 71 through 84

    4.3982    4.4611    4.5239    4.5867    4.6496    4.7124    4.7752    4.8381    4.9009    4.9637    5.0265    5.0894    5.1522    5.2150

  Columns 85 through 98

    5.2779    5.3407    5.4035    5.4664    5.5292    5.5920    5.6549    5.7177    5.7805    5.8434    5.9062    5.9690    6.0319    6.0947

  Columns 99 through 101

    6.1575    6.2204    6.2832

A(2,:)

ans =

     4     5     6

A(:,2:3)

ans =

     2     3
     5     6
     8     0

A(:2)
 A(:2)
    ↑
{Invalid expression. Check for missing multiplication operator, missing or unbalanced delimiters, or other syntax error. To construct
matrices, use brackets instead of parentheses.
} 
A(:,2)=[]

A =

     1     3
     4     6
     7     0

B = A([2 3],[1 2])

B =

     4     6
     7     0

B = A([2 3],[1 2])

B =

     4     6
     7     0

A(:)

ans =

     1
     4
     7
     3
     6
     0

A

A =

     1     3
     4     6
     7     0

 A(2:3,2:3)
{Index in position 2 exceeds array bounds. Index must not exceed 2.
} 
A = [1 2 3; 4 5 6; 7 8 9]

A =

     1     2     3
     4     5     6
     7     8     9

A(2:3,2:3)

ans =

     5     6
     8     9

A(end:-1:1,end)

ans =

     9
     6
     3

 A([1 3],[2 3])

ans =

     2     3
     8     9

A(3,:) = []

A =

     1     2     3
     4     5     6

A = [A(1,:);A(2,:);[7 8 0]]

A =

     1     2     3
     4     5     6
     7     8     0

size(A)

ans =

     3     3

[m,n]=size(A)

m =

     3


n =

     3

[m,n]=size(A)

m =

     3


n =

     3

A’
 A’
  ↑
{Error: Invalid text character. Check for unsupported symbol, invisible character, or pasting of non-ASCII characters.
} 

A'

ans =

     1     4     7
     2     5     8
     3     6     0

A = [1 2 3; 4 5 6; 7 8 9]

A =

     1     2     3
     4     5     6
     7     8     9

B = [A 10*A; -A [1 0 0; 0 1 0; 0 0 1]]

B =

     1     2     3    10    20    30
     4     5     6    40    50    60
     7     8     9    70    80    90
    -1    -2    -3     1     0     0
    -4    -5    -6     0     1     0
    -7    -8    -9     0     0     1

b=ones(3,1)

b =

     1
     1
     1

eye(3)

ans =

     1     0     0
     0     1     0
     0     0     1

c=zeros(2,3)

c =

     0     0     0
     0     0     0

 D = [C zeros(2); ones(2) eye(2)]
{Unrecognized function or variable 'C'.
} 
 D = [c zeros(2); ones(2) eye(2)]\
  D = [c zeros(2); ones(2) eye(2)]\
                                   ↑
{Error: Invalid expression. Check for missing or extra characters.
} 
D = [c zeros(2); ones(2) eye(2)]
{Error using <a href="matlab:matlab.internal.language.introspective.errorDocCallback('vertcat')" style="font-weight:bold">vertcat</a>
Dimensions of arrays being concatenated are not consistent.
} 
 D = [C zeros(2); ones(2) eye(2)]
{Unrecognized function or variable 'C'.
} 
 D = [c zeros(2); ones(2) eye(2)]
{Error using <a href="matlab:matlab.internal.language.introspective.errorDocCallback('vertcat')" style="font-weight:bold">vertcat</a>
Dimensions of arrays being concatenated are not consistent.
} 
 D = [C zeros(2); ones(2) eye(2)]
{Unrecognized function or variable 'C'.
} 
  D = [C zeros(2); ones(2) eye(2)]
{Unrecognized function or variable 'C'.
} 
 D = [c zeros(2); ones(2); eye(2)]
{Error using <a href="matlab:matlab.internal.language.introspective.errorDocCallback('vertcat')" style="font-weight:bold">vertcat</a>
Dimensions of arrays being concatenated are not consistent.
} 
C = [1 2; 3 4]

C =

     1     2
     3     4

D = [C zeros(2); ones(2) eye(2)]

D =

     1     2     0     0
     3     4     0     0
     1     1     1     0
     1     1     0     1

diary off
